4 cores

| :total-reqs | :batch-size | :tail-quantile |  :mean |    :lo |    :hi |
|-------------+-------------+----------------+--------+--------+--------|
|      131072 |           1 |          0.025 |  75666 |  78321 |  72167 |
|      131072 |           4 |          0.025 | 210546 | 217767 | 204849 |
|      131072 |          16 |          0.025 | 372085 | 380496 | 360784 |
|      131072 |          64 |          0.025 | 418828 | 425382 | 401565 |
|      131072 |         128 |          0.025 | 428350 | 439454 | 406834 |
|      131072 |         256 |          0.025 | 419067 | 428228 | 395648 |
|      131072 |        1024 |          0.025 | 400556 | 416374 | 380039 |
|      131072 |        4096 |          0.025 | 345947 | 381655 | 274087 |

2 cores

| :total-reqs | :batch-size | :tail-quantile |  :mean |    :lo |    :hi |
|-------------+-------------+----------------+--------+--------+--------|
|      131072 |           1 |          0.025 |  50475 |  50533 |  50408 |
|      131072 |           4 |          0.025 | 142809 | 144019 | 140729 |
|      131072 |          16 |          0.025 | 252440 | 266749 | 227513 |
|      131072 |          64 |          0.025 | 323261 | 331435 | 313632 |
|      131072 |         128 |          0.025 | 328475 | 339810 | 312118 |
|      131072 |         256 |          0.025 | 317237 | 343172 | 288058 |
|      131072 |        1024 |          0.025 | 300041 | 320382 | 287814 |
|      131072 |        4096 |          0.025 | 271247 | 286755 | 247129 |

1 core

| :total-reqs | :batch-size | :tail-quantile |  :mean |    :lo |    :hi |
|-------------+-------------+----------------+--------+--------+--------|
|      131072 |           1 |          0.025 |  23954 |  24151 |  23749 |
|      131072 |           4 |          0.025 |  65077 |  65617 |  63901 |
|      131072 |          16 |          0.025 | 129720 | 133255 | 125108 |
|      131072 |          64 |          0.025 | 167923 | 174594 | 161984 |
|      131072 |         128 |          0.025 | 176730 | 180735 | 174759 |
|      131072 |         256 |          0.025 | 175784 | 181739 | 167912 |
|      131072 |        1024 |          0.025 | 176312 | 181554 | 168162 |
|      131072 |        4096 |          0.025 | 165479 | 168317 | 163569 |
